-10.000000 63688.000000
-9.900000 61145.065870
-9.800000 58679.012320
-9.700000 56288.274670
-9.600000 53971.304320
-9.500000 51726.568750
-9.400000 49552.551520
-9.300000 47447.752270
-9.200000 45410.686720
-9.100000 43439.886670
-9.000000 41533.900000
-8.900000 39691.290670
-8.800000 37910.638720
-8.700000 36190.540270
-8.600000 34529.607520
-8.500000 32926.468750
-8.400000 31379.768320
-8.300000 29888.166670
-8.200000 28450.340320
-8.100000 27064.981870
-8.000000 25730.800000
-7.900000 24446.519470
-7.800000 23210.881120
-7.700000 22022.641870
-7.600000 20880.574720
-7.500000 19783.468750
-7.400000 18730.129120
-7.300000 17719.377070
-7.200000 16750.049920
-7.100000 15821.001070
-7.000000 14931.100000
-6.900000 14079.232270
-6.800000 13264.299520
-6.700000 12485.219470
-6.600000 11740.925920
-6.500000 11030.368750
-6.400000 10352.513920
-6.300000 9706.343470
-6.200000 9090.855520
-6.100000 8505.064270
-6.000000 7948.000000
-5.900000 7418.709070
-5.800000 6916.253920
-5.700000 6439.713070
-5.600000 5988.181120
-5.500000 5560.768750
-5.400000 5156.602720
-5.300000 4774.825870
-5.200000 4414.597120
-5.100000 4075.091470
-5.000000 3755.500000
-4.900000 3455.029870
-4.800000 3172.904320
-4.700000 2908.362670
-4.600000 2660.660320
-4.500000 2429.068750
-4.400000 2212.875520
-4.300000 2011.384270
-4.200000 1823.914720
-4.100000 1649.802670
-4.000000 1488.400000
-3.900000 1339.074670
-3.800000 1201.210720
-3.700000 1074.208270
-3.600000 957.483520
-3.500000 850.468750
-3.400000 752.612320
-3.300000 663.378670
-3.200000 582.248320
-3.100000 508.717870
-3.000000 442.300000
-2.900000 382.523470
-2.800000 328.933120
-2.700000 281.089870
-2.600000 238.570720
-2.500000 200.968750
-2.400000 167.893120
-2.300000 138.969070
-2.200000 113.837920
-2.100000 92.157070
-2.000000 73.600000
-1.900000 57.856270
-1.800000 44.631520
-1.700000 33.647470
-1.600000 24.641920
-1.500000 17.368750
-1.400000 11.597920
-1.300000 7.115470
-1.200000 3.723520
-1.100000 1.240270
-1.000000 -0.500000
-0.900000 -1.646930
-0.800000 -2.334080
-0.700000 -2.678930
-0.600000 -2.782880
-0.500000 -2.731250
-0.400000 -2.593280
-0.300000 -2.422130
-0.200000 -2.254880
-0.100000 -2.112530
-0.000000 -2.000000
0.100000 -1.906130
0.200000 -1.803680
0.300000 -1.649330
0.400000 -1.383680
0.500000 -0.931250
0.600000 -0.200480
0.700000 0.916270
0.800000 2.542720
0.900000 4.818670
1.000000 7.900000
1.100000 11.958670
1.200000 17.182720
1.300000 23.776270
1.400000 31.959520
1.500000 41.968750
1.600000 54.056320
1.700000 68.490670
1.800000 85.556320
1.900000 105.553870
2.000000 128.800000
2.100000 155.627470
2.200000 186.385120
2.300000 221.437870
2.400000 261.166720
2.500000 305.968750
2.600000 356.257120
2.700000 412.461070
2.800000 475.025920
2.900000 544.413070
3.000000 621.100000
3.100000 705.580270
3.200000 798.363520
3.300000 899.975470
3.400000 1010.957920
3.500000 1131.868750
3.600000 1263.281920
3.700000 1405.787470
3.800000 1559.991520
3.900000 1726.516270
4.000000 1906.000000
4.100000 2099.097070
4.200000 2306.477920
4.300000 2528.829070
4.400000 2766.853120
4.500000 3021.268750
4.600000 3292.810720
4.700000 3582.229870
4.800000 3890.293120
4.900000 4217.783470
5.000000 4565.500000
5.100000 4934.257870
5.200000 5324.888320
5.300000 5738.238670
5.400000 6175.172320
5.500000 6636.568750
5.600000 7123.323520
5.700000 7636.348270
5.800000 8176.570720
5.900000 8744.934670
6.000000 9342.400000
6.100000 9969.942670
6.200000 10628.554720
6.300000 11319.244270
6.400000 12043.035520
6.500000 12800.968750
6.600000 13594.100320
6.700000 14423.502670
6.800000 15290.264320
6.900000 16195.489870
7.000000 17140.300000
7.100000 18125.831470
7.200000 19153.237120
7.300000 20223.685870
7.400000 21338.362720
7.500000 22498.468750
7.600000 23705.221120
7.700000 24959.853070
7.800000 26263.613920
7.900000 27617.769070
8.000000 29023.600000
8.100000 30482.404270
8.200000 31995.495520
8.300000 33564.203470
8.400000 35189.873920
8.500000 36873.868750
8.600000 38617.565920
8.700000 40422.359470
8.800000 42289.659520
8.900000 44220.892270
9.000000 46217.500000
9.100000 48280.941070
9.200000 50412.689920
9.300000 52614.237070
9.400000 54887.089120
9.500000 57232.768750
9.600000 59652.814720
9.700000 62148.781870
9.800000 64722.241120
9.900000 67374.779470
10.000000 70108.000000
